0.0 0.997613267014
0.01 0.997613267014
0.02 0.997613267014
0.03 0.997613267014
0.04 0.997613267014
0.05 0.997613267014
0.06 0.997613267014
0.07 0.997024667844
0.08 0.997024667844
0.09 0.997024667844
0.1 0.997024667844
0.11 0.997024667844
0.12 0.997024667844
0.13 0.997024667844
0.14 0.997024667844
0.15 0.997024667844
0.16 0.997024667844
0.17 0.996308325924
0.18 0.996308325924
0.19 0.996308325924
0.2 0.996308325924
0.21 0.996308325924
0.22 0.996308325924
0.23 0.996308325924
0.24 0.996308325924
0.25 0.996308325924
0.26 0.996308325924
0.27 0.995440954528
0.28 0.995440954528
0.29 0.995440954528
0.3 0.995440954528
0.31 0.995440954528
0.32 0.995440954528
0.33 0.995440954528
0.34 0.995440954528
0.35 0.995440954528
0.36 0.995440954528
0.37 0.994396056411
0.38 0.994396056411
0.39 0.994396056411
0.4 0.994396056411
0.41 0.994396056411
0.42 0.994396056411
0.43 0.994396056411
0.44 0.994396056411
0.45 0.994396056411
0.46 0.994396056411
0.47 0.993143702712
0.48 0.993143702712
0.49 0.993143702712
0.5 0.993143702712
0.51 0.993143702712
0.52 0.993143702712
0.53 0.993143702712
0.54 0.993143702712
0.55 0.993143702712
0.56 0.993143702712
0.57 0.991650343358
0.58 0.991650343358
0.59 0.991650343358
0.6 0.991650343358
0.61 0.991650343358
0.62 0.991650343358
0.63 0.991650343358
0.64 0.991650343358
0.65 0.991650343358
0.66 0.991650343358
0.67 0.989878660574
0.68 0.989878660574
0.69 0.989878660574
0.7 0.989878660574
0.71 0.989878660574
0.72 0.989878660574
0.73 0.989878660574
0.74 0.989878660574
0.75 0.989878660574
0.76 0.989878660574
0.77 0.987787477997
0.78 0.987787477997
0.79 0.987787477997
0.8 0.987787477997
0.81 0.987787477997
0.82 0.987787477997
0.83 0.987787477997
0.84 0.987787477997
0.85 0.987787477997
0.86 0.987787477997
0.87 0.985331738402
0.88 0.985331738402
0.89 0.985331738402
0.9 0.985331738402
0.91 0.985331738402
0.92 0.985331738402
0.93 0.985331738402
0.94 0.985331738402
0.95 0.985331738402
0.96 0.985331738402
0.97 0.982462563223
0.98 0.982462563223
0.99 0.982462563223
1.0 0.982462563223
