0.0 0.751330248229
0.01 0.751330248229
0.02 0.751330248229
0.03 0.751330248229
0.04 0.751330248229
0.05 0.751330248229
0.06 0.751330248229
0.07 0.751330248229
0.08 0.751330248229
0.09 0.751330248229
0.1 0.751330248229
0.11 0.751330248229
0.12 0.751330248229
0.13 0.751330248229
0.14 0.751330248229
0.15 0.751330248229
0.16 0.751330248229
0.17 0.751330248229
0.18 0.751330248229
0.19 0.751330248229
0.2 0.751330248229
0.21 0.751330248229
0.22 0.751330248229
0.23 0.751330248229
0.24 0.751330248229
0.25 0.751330248229
0.26 0.751330248229
0.27 0.751330248229
0.28 0.751330248229
0.29 0.751330248229
0.3 0.751330248229
0.31 0.72815470157
0.32 0.72815470157
0.33 0.72815470157
0.34 0.72815470157
0.35 0.72815470157
0.36 0.72815470157
0.37 0.72815470157
0.38 0.72815470157
0.39 0.72815470157
0.4 0.72815470157
0.41 0.72815470157
0.42 0.72815470157
0.43 0.72815470157
0.44 0.703952088107
0.45 0.703952088107
0.46 0.703952088107
0.47 0.703952088107
0.48 0.703952088107
0.49 0.703952088107
0.5 0.703952088107
0.51 0.703952088107
0.52 0.703952088107
0.53 0.703952088107
0.54 0.703952088107
0.55 0.67880550508
0.56 0.67880550508
0.57 0.67880550508
0.58 0.67880550508
0.59 0.67880550508
0.6 0.67880550508
0.61 0.67880550508
0.62 0.67880550508
0.63 0.652811084934
0.64 0.652811084934
0.65 0.652811084934
0.66 0.652811084934
0.67 0.652811084934
0.68 0.652811084934
0.69 0.652811084934
0.7 0.652811084934
0.71 0.626076975242
0.72 0.626076975242
0.73 0.626076975242
0.74 0.626076975242
0.75 0.626076975242
0.76 0.626076975242
0.77 0.626076975242
0.78 0.598722035963
0.79 0.598722035963
0.8 0.598722035963
0.81 0.598722035963
0.82 0.598722035963
0.83 0.598722035963
0.84 0.570874278848
0.85 0.570874278848
0.86 0.570874278848
0.87 0.570874278848
0.88 0.570874278848
0.89 0.570874278848
0.9 0.542669082481
0.91 0.542669082481
0.92 0.542669082481
0.93 0.542669082481
0.94 0.542669082481
0.95 0.514247224121
0.96 0.514247224121
0.97 0.514247224121
0.98 0.514247224121
0.99 0.514247224121
1.0 0.485752775879
