0.0 0.751330248229
0.01 0.751330248229
0.02 0.751330248229
0.03 0.751330248229
0.04 0.751330248229
0.05 0.751330248229
0.06 0.751330248229
0.07 0.751330248229
0.08 0.751330248229
0.09 0.751330248229
0.1 0.72815470157
0.11 0.72815470157
0.12 0.72815470157
0.13 0.72815470157
0.14 0.72815470157
0.15 0.72815470157
0.16 0.72815470157
0.17 0.72815470157
0.18 0.72815470157
0.19 0.72815470157
0.2 0.703952088107
0.21 0.703952088107
0.22 0.703952088107
0.23 0.703952088107
0.24 0.703952088107
0.25 0.703952088107
0.26 0.703952088107
0.27 0.703952088107
0.28 0.703952088107
0.29 0.703952088107
0.3 0.67880550508
0.31 0.67880550508
0.32 0.67880550508
0.33 0.67880550508
0.34 0.67880550508
0.35 0.67880550508
0.36 0.67880550508
0.37 0.67880550508
0.38 0.67880550508
0.39 0.67880550508
0.4 0.652811084934
0.41 0.652811084934
0.42 0.652811084934
0.43 0.652811084934
0.44 0.652811084934
0.45 0.652811084934
0.46 0.652811084934
0.47 0.652811084934
0.48 0.652811084934
0.49 0.652811084934
0.5 0.626076975242
0.51 0.626076975242
0.52 0.626076975242
0.53 0.626076975242
0.54 0.626076975242
0.55 0.626076975242
0.56 0.626076975242
0.57 0.626076975242
0.58 0.626076975242
0.59 0.626076975242
0.6 0.598722035963
0.61 0.598722035963
0.62 0.598722035963
0.63 0.598722035963
0.64 0.598722035963
0.65 0.598722035963
0.66 0.598722035963
0.67 0.598722035963
0.68 0.598722035963
0.69 0.598722035963
0.7 0.570874278848
0.71 0.570874278848
0.72 0.570874278848
0.73 0.570874278848
0.74 0.570874278848
0.75 0.570874278848
0.76 0.570874278848
0.77 0.570874278848
0.78 0.570874278848
0.79 0.570874278848
0.8 0.542669082481
0.81 0.542669082481
0.82 0.542669082481
0.83 0.542669082481
0.84 0.542669082481
0.85 0.542669082481
0.86 0.542669082481
0.87 0.542669082481
0.88 0.542669082481
0.89 0.542669082481
0.9 0.514247224121
0.91 0.514247224121
0.92 0.514247224121
0.93 0.514247224121
0.94 0.514247224121
0.95 0.514247224121
0.96 0.514247224121
0.97 0.514247224121
0.98 0.514247224121
0.99 0.514247224121
1.0 0.485752775879
