0.0 0.619231871821
0.01 0.619231871821
0.02 0.619231871821
0.03 0.619231871821
0.04 0.619231871821
0.05 0.619231871821
0.06 0.619231871821
0.07 0.619231871821
0.08 0.619231871821
0.09 0.619231871821
0.1 0.607004611119
0.11 0.607004611119
0.12 0.607004611119
0.13 0.607004611119
0.14 0.607004611119
0.15 0.607004611119
0.16 0.607004611119
0.17 0.607004611119
0.18 0.607004611119
0.19 0.607004611119
0.2 0.594670848115
0.21 0.594670848115
0.22 0.594670848115
0.23 0.594670848115
0.24 0.594670848115
0.25 0.594670848115
0.26 0.594670848115
0.27 0.594670848115
0.28 0.594670848115
0.29 0.594670848115
0.3 0.582242342006
0.31 0.582242342006
0.32 0.582242342006
0.33 0.582242342006
0.34 0.582242342006
0.35 0.582242342006
0.36 0.582242342006
0.37 0.582242342006
0.38 0.582242342006
0.39 0.582242342006
0.4 0.569731135189
0.41 0.569731135189
0.42 0.569731135189
0.43 0.569731135189
0.44 0.569731135189
0.45 0.569731135189
0.46 0.569731135189
0.47 0.569731135189
0.48 0.569731135189
0.49 0.569731135189
0.5 0.557149523072
0.51 0.557149523072
0.52 0.557149523072
0.53 0.557149523072
0.54 0.557149523072
0.55 0.557149523072
0.56 0.557149523072
0.57 0.557149523072
0.58 0.557149523072
0.59 0.557149523072
0.6 0.544510011531
0.61 0.544510011531
0.62 0.544510011531
0.63 0.544510011531
0.64 0.544510011531
0.65 0.544510011531
0.66 0.544510011531
0.67 0.544510011531
0.68 0.544510011531
0.69 0.544510011531
0.7 0.531825281693
0.71 0.531825281693
0.72 0.531825281693
0.73 0.531825281693
0.74 0.531825281693
0.75 0.531825281693
0.76 0.531825281693
0.77 0.531825281693
0.78 0.531825281693
0.79 0.531825281693
0.8 0.519108155769
0.81 0.519108155769
0.82 0.519108155769
0.83 0.519108155769
0.84 0.519108155769
0.85 0.519108155769
0.86 0.519108155769
0.87 0.519108155769
0.88 0.519108155769
0.89 0.519108155769
0.9 0.506371552009
0.91 0.506371552009
0.92 0.506371552009
0.93 0.506371552009
0.94 0.506371552009
0.95 0.506371552009
0.96 0.506371552009
0.97 0.506371552009
0.98 0.506371552009
0.99 0.506371552009
1.0 0.493857348664
