0.0 0.751330248229
0.01 0.751330248229
0.02 0.751330248229
0.03 0.72815470157
0.04 0.72815470157
0.05 0.703952088107
0.06 0.703952088107
0.07 0.703952088107
0.08 0.67880550508
0.09 0.67880550508
0.1 0.652811084934
0.11 0.652811084934
0.12 0.652811084934
0.13 0.626076975242
0.14 0.626076975242
0.15 0.598722035963
0.16 0.598722035963
0.17 0.598722035963
0.18 0.570874278848
0.19 0.570874278848
0.2 0.542669082481
0.21 0.542669082481
0.22 0.542669082481
0.23 0.514247224121
0.24 0.514247224121
0.25 0.485752775879
0.26 0.485752775879
0.27 0.485752775879
0.28 0.457330917519
0.29 0.457330917519
0.3 0.457330917519
0.31 0.429125721152
0.32 0.429125721152
0.33 0.401277964037
0.34 0.401277964037
0.35 0.401277964037
0.36 0.373923024758
0.37 0.373923024758
0.38 0.347188915066
0.39 0.347188915066
0.4 0.347188915066
0.41 0.32119449492
0.42 0.32119449492
0.43 0.296047911893
0.44 0.296047911893
0.45 0.296047911893
0.46 0.27184529843
0.47 0.27184529843
0.48 0.248669751771
0.49 0.248669751771
0.5 0.248669751771
0.51 0.226590612088
0.52 0.226590612088
0.53 0.205663044895
0.54 0.205663044895
0.55 0.205663044895
0.56 0.185927924469
0.57 0.185927924469
0.58 0.167412006221
0.59 0.167412006221
0.6 0.167412006221
0.61 0.150128368038
0.62 0.150128368038
0.63 0.13407709377
0.64 0.13407709377
0.65 0.13407709377
0.66 0.119246166579
0.67 0.119246166579
0.68 0.105612535819
0.69 0.105612535819
0.7 0.105612535819
0.71 0.0931433186043
0.72 0.0931433186043
0.73 0.0817970962409
0.74 0.0817970962409
0.75 0.0817970962409
0.76 0.0715252661227
0.77 0.0715252661227
0.78 0.0715252661227
0.79 0.0622734114395
0.8 0.0622734114395
0.81 0.0539826539079
0.82 0.0539826539079
0.83 0.0539826539079
0.84 0.0465909585149
0.85 0.0465909585149
0.86 0.0400343637237
0.87 0.0400343637237
0.88 0.0400343637237
0.89 0.0342481154897
0.9 0.0342481154897
0.91 0.0291676885469
0.92 0.0291676885469
0.93 0.0291676885469
0.94 0.0247296835203
0.95 0.0247296835203
0.96 0.020872593317
0.97 0.020872593317
0.98 0.020872593317
0.99 0.0175374367768
1.0 0.0175374367768
